564886.003775911	5654253.18548163	1	0	0.751
563721.901786375	5653569.04089793	1	0	0.613
563546.097056539	5652254.94014414	1	0	0.709
563548.422362124	5652392.44835029	1	0	0.371
563549.543030457	5652495.17346576	1	0	0.639
563597.837886404	5652607.48746464	1	0	0.756
563759.332516189	5652521.71693821	1	0	0.539
563914.851888238	5652430.43400279	1	0	0.523
563741.116546963	5652305.91876436	1	0	0.498
563973.253220296	5652243.23417265	1	0	0.632
564487.482048108	5652282.83876059	1	0	0.811
564601.191785369	5652360.74848744	1	0	0.396
564615.219971279	5652514.60467166	1	0	0.622
564785.090316431	5652524.00629683	1	0	0.765
564771.936566247	5652354.66976488	1	0	0.442
564957.572364496	5652400.3029362		1	0	0.552
564864.234310639	5652244.06509537	1	0	0.439
565162.759455856	5652296.84055257	1	0	0.576
565166.475405686	5652448.17896479	1	0	0.453
565432.448141235	5652406.26217195	1	0	1.106
565368.08137816		5652547.91440355	1	0	0.22
565473.559619043	5652711.20140554	1	0	1.2
565785.358722873	5652396.4091539		1	0	1.517
565387.188046201	5651603.43925786	1	0	0.496
565389.483966735	5651401.48594439	1	0	0.68
565502.793654338	5651293.07276519	1	0	0.897
566813.469875282	5651824.63906549	1	0	0.511
567044.028151111	5652189.27138413	1	0	0.559
567258.012844585	5652446.39568274	1	0	0.529
566497.46652175		5652679.36501469	1	0	0.513
566153.226454749	5652440.23242153	1	0	0.224
566572.817424421	5652969.13040848	1	0	0.488
566692.465902763	5653133.07072942	1	0	0.364
566146.583063806	5653227.30335275	1	0	1.055
565882.735360604	5653049.76434384	1	0	0.588
565878.062412187	5653510.8716182		1	0	1.022
565013.523734047	5653887.68281792	1	0	1.021
565019.702081193	5653499.70443494	1	0	0.393
565042.887362741	5653282.14941633	1	0	0.261
565229.51899596		5653058.8427566		1	0	0.237
564731.689367334	5652732.09712045	1	0	0.487
564437.744997142	5652528.17955896	1	0	0.321
564267.316799099	5652581.76765102	1	0	0.395
564086.876826463	5652425.46338716	1	0	0.745
564237.988685474	5652300.75026139	1	0	0.435
564057.683500866	5652731.41247308	1	0	1.484
564280.44714057	5653036.53736042	1	0	0.747
564281.039889577	5653142.71265924	1	0	0.705
564455.264298233	5653200.32168838	1	0	0.601
564463.6419734	5653465.35365475	1	0	0.852
564532.30531424	5653638.5420859	1	0	1.125
563690.562688116	5653030.82479473	1	0	0.386
563269.84228166	5652770.80154509	1	0	0.51
563019.665636448	5652720.48209445	1	0	0.46
563192.104219616	5652469.33164881	1	0	0.52
563339.072297326	5652387.13189423	1	0	0.525
562885.165584267	5652412.3373483	1	0	0.521
561959.92008177	5652601.94480622	1	0	0.467
562435.009659922	5652439.27391137	1	0	0.529
562597.014120161	5652669.72084035	1	0	0.399
562750.638613382	5653026.32336254	1	0	0.571
562581.458588364	5653424.79474479	1	0	0.647
566058.601473401	5653820.81653074	1	0	0.53
567999.812842104	5652591.40658885	1	0	0.461
568053.31722282	5652102.40033853	1	0	0.473
568540.878014594	5651510.07963938	1	0	0.351
565560.016405288	5653638.46015914	1	0	0.679
564288.513237732	5653409.98598815	1	0	0.713
564284.310495769	5653248.98258397	1	0	1.317
564034.775937194	5653362.73349739	1	0	0.619
563942.435511546	5653260.23756026	1	0	1.007
564062.956117948	5653062.38674345	1	0	0.525
564866.347228818	5655064.09951574	2	0	0.536
564415.366878035	5654630.31619901	2	0	0.927
564572.643716072	5654284.15741634	2	0	0.58
564393.137612547	5654359.55790843	2	0	0.379
564151.36875935	5654162.70724375	2	0	0.389
564233.59953554	5653958.600153	2	0	0.639
563879.173551699	5653959.79090023	2	0	0.618
563556.601774178	5654026.10739719	2	0	0.809
563009.511884112	5653676.71507429	2	0	0.621
563156.305473621	5653898.38693441	2	0	0.439
562901.763409504	5654121.08290557	2	0	0.527
563314.134469109	5654184.3957092	2	0	0.464
563423.159039648	5654454.8956519	2	0	0.38
563140.96376714	5654753.21164221	2	0	0.573
562854.075748334	5654636.06810751	2	0	0.545
562130.425448248	5654735.13673013	2	0	0.434
561394.801883263	5655005.91733336	2	0	0.541
564360.266408929	5654881.97710112	2	0	0.419
562425.983425368	5653695.7732868	2	0	0.659
562146.599997429	5653923.33097323	2	0	0.58
562057.996587268	5654195.68611738	2	0	0.514
562165.203972651	5654458.32942002	2	0	0.722
562512.040231181	5654192.20132584	2	0	0.639
561672.858854251	5653829.25436625	2	0	0.57
565827.579243097	5654294.42924215	2	0	0.645
566110.957633699	5654134.73729539	2	0	0.473
566118.684762345	5654379.09620127	2	0	0.563
566249.906835783	5654042.6233893	2	0	0.535
566490.809005741	5654131.9305971	2	0	0.526
566375.929169509	5654485.05603769	2	0	0.692
566467.186966946	5654778.3215948	2	0	0.447
566355.811218299	5655011.13365484	2	0	0.478
565873.398528132	5654883.49681843	2	0	0.568
565998.177572302	5654662.74205976	2	0	0.525
565383.886118198	5654659.661049	2	0	0.658
567335.422234726	5654967.10223934	2	0	0.453
567587.174033665	5654758.16988504	2	0	0.527
567446.266607716	5654582.23787194	2	0	0.439
568100.984563652	5654205.28269443	2	0	0.463
567793.86857535	5653866.85110316	2	0	0.421
567375.165063666	5653814.89000092	2	0	0.374
567173.067779662	5654020.60053641	2	0	0.998
567165.617003812	5654380.41775238	2	0	0.405
566804.044399551	5654224.59502944	2	0	0.546
566846.909847899	5654583.19593237	2	0	0.566
566751.301792287	5653847.74071778	2	0	0.544
566686.888577081	5653590.23954941	2	0	0.609
568018.56579794	5653403.30561961	2	0	0.916
559756.665208196	5651993.29038811	3	0	0.553
562998.944539795	5650386.74978871	3	0	0.802
563134.731611791	5650799.65545476	3	0	0.561
563079.027845086	5651107.53488512	3	0	0.644
563294.220398983	5651216.73705943	3	0	0.607
563065.52463926	5651492.25173126	3	0	0.595
563338.384648257	5651489.43018741	3	0	0.558
563143.258564258	5651721.75678044	3	0	0.466
563371.252701926	5651812.16221929	3	0	0.511
563246.622947984	5652032.88614474	3	0	0.528
563041.996172747	5651977.17372058	3	0	0.405
562849.931008712	5651965.47102996	3	0	0.334
562724.506002751	5651735.39282791	3	0	0.575
562528.476616307	5651994.0984217	3	0	0.463
562294.090040184	5651555.59567219	3	0	0.497
562033.17334847	5651728.85250946	3	0	0.548
560865.945091705	5651594.31332979	3	0	0.559
560759.750199142	5651969.31578398	3	0	0.638
560447.904034682	5651642.84521421	3	0	0.488
560366.19656462	5651943.31719091	3	0	0.472
560053.413048462	5651695.47278753	3	0	0.398
559665.635409777	5651618.35680458	3	0	0.421
559937.548453145	5651278.16084995	3	0	0.431
559507.990075507	5651114.39043254	3	0	0.445
559664.875204616	5650873.69282504	3	0	0.461
559884.258986947	5650922.5501736	3	0	0.487
560105.409283324	5650869.67752922	3	0	0.473
560380.169999929	5650764.04927439	3	0	0.519
559911.396378417	5650490.63872372	3	0	0.482
560099.838827724	5650159.72149329	3	0	0.402
560379.193492935	5649987.70093548	3	0	1.13
560232.866734229	5649679.4999841	3	0	0.365
559969.727720808	5649434.42711879	3	0	0.509
559873.441366364	5649131.7850248	3	0	0.538
559182.423289493	5649089.55831595	3	0	0.465
559307.134879956	5649585.1368969	3	0	0.443
558988.233948746	5649483.66629023	3	0	0.738
559172.600927407	5649866.9581545	3	0	0.564
559023.141156921	5650214.16500548	3	0	0.96
559328.945879069	5650177.64454869	3	0	0.436
559572.413741325	5650338.14602695	3	0	0.618
559537.780157818	5649624.84558349	3	0	0.409
559787.862022738	5649877.03730871	3	0	0.469
559105.035878038	5650615.66752904	3	0	0.611
558939.891992635	5651108.5076591	3	0	0.295
559259.601187348	5651044.09075592	3	0	0.626
559055.168046663	5651963.1613237	3	0	0.563
558120.793829663	5650611.71392767	3	0	1.69
560446.345294149	5648293.78707484	3	0	0.649
560610.337882881	5647854.73784084	3	0	0.494
560437.369746459	5647558.20872909	3	0	0.402
560759.472473891	5647479.81762818	3	0	0.324
561072.019757629	5647599.12389128	3	0	0.384
560978.009846674	5648164.28987493	3	0	1.359
561546.389534619	5647509.27015549	3	0	0.632
561644.628787971	5647815.74763994	3	0	0.291
561216.589796081	5647099.40329926	3	0	0.567
562398.802036707	5648419.57530279	3	0	0.408
562165.490090008	5648717.3015886	3	0	0.498
562375.014300866	5649071.25355238	3	0	0.768
562170.492576066	5649491.80760701	3	0	0.958
562658.62190296	5649484.6131534	3	0	0.666
563066.318290013	5649346.40716618	3	0	0.877
562712.797077915	5649957.91717725	3	0	0.611
563109.559455674	5649972.06471827	3	0	0.543
562628.263211819	5650338.34590318	3	0	0.679
562528.447705756	5650686.41072746	3	0	0.654
562100.26533419	5650742.13222336	3	0	0.762
562075.547401434	5651137.93823618	3	1	0.516
562488.296241915	5651182.53249115	3	0	0.571
562765.937831408	5651086.72566185	3	0	0.553
562784.425068922	5651478.67983032	3	0	0.643
560707.422309774	5650381.75357272	3	0	0.705
560813.00541537	5650935.53524996	3	0	0.583
560698.985053353	5651215.29812462	3	0	0.489
560421.383096011	5651331.22996715	3	0	0.542
561081.891956118	5649164.58793924	3	0	1.333
561445.277659108	5648456.48749991	3	0	1.921
561253.103275298	5650124.53641477	3	0	0.761
558745.97292783	5649408.72076786	3	0	1.151
558833.554904905	5651127.13250705	3	0	1.557
561331.75298954	5651976.26287249	3	0	0.516
561087.472501584	5651838.95070844	3	0	0.516
561174.631792115	5651482.65364143	3	0	0.516
561455.988970599	5651476.90344216	3	0	0.483
561753.647540292	5651718.57130717	3	0	0.455
561683.994420964	5651988.53985252	3	0	0.503
561557.267179515	5650963.08615438	3	0	0.509
561197.014754258	5651065.54506344	3	0	0.448
561984.85900409	5650113.09054283	3	0	1.132
562243.546154782	5650322.01548699	3	0	0.696
562304.824243462	5650012.61858865	3	0	0.574
568398.342862505	5652745.50614145	4	0	1.323
569279.905438166	5651191.5902155	4	0	0.957
570484.48363123	5651922.21138018	4	0	0.516
570901.994713793	5651570.60678478	4	0	0.256
570829.343264828	5651851.74691317	4	0	0.385
571057.993888881	5651305.45471534	4	0	0.595
571212.165436517	5651788.68559247	4	0	0.555
571538.23479407	5651660.17102019	4	0	0.466
571529.064393116	5652071.61678826	4	0	0.378
571851.430054159	5652081.08757211	4	0	0.459
571743.286051262	5652435.47272608	4	0	0.466
571490.498741686	5652557.25145653	4	0	0.387
571253.47205319	5652684.36629998	4	0	0.44
571119.45213176	5652481.32534285	4	0	0.513
571084.447676618	5652172.08733437	4	0	0.362
570734.969808931	5652484.57039258	4	0	0.445
570404.793275936	5652527.76170235	4	0	0.437
570387.604271467	5652862.33263668	4	0	0.443
570164.934189125	5652711.02392493	4	0	0.375
570046.707646132	5652421.02253701	4	0	0.465
569211.35158457	5653663.14446682	4	0	0.666
570556.277016721	5654351.5248708	4	0	0.323
571467.267303636	5653684.73100888	4	0	0.61
571721.205463163	5653465.66290439	4	0	0.955
571981.11711456	5653415.8324504	4	0	0.727
572074.252283589	5653423.95758347	4	0	0.468
572311.77811123	5653193.77020162	4	0	0.551
572476.375327082	5653382.27043152	4	0	0.552
572893.141520962	5653356.50252601	4	0	0.439
572776.385709501	5653754.21981821	4	0	0.481
573091.649647828	5653781.78867823	4	0	0.274
573354.735409107	5653807.28472906	4	0	0.614
573430.038008025	5653896.20489108	4	0	0.339
573705.229151526	5653714.37952676	4	0	0.686
573690.365332086	5653717.21882416	4	0	0.399
573461.395739263	5653302.00270235	4	0	0.461
573848.759696707	5653322.39835874	4	0	0.575
573710.881891415	5652949.93855261	4	0	0.665
574112.454687382	5653074.1838686	4	0	0.588
574197.855758878	5652687.77272905	4	0	1.262
574470.862766404	5652467.19892443	4	0	0.342
574779.943789297	5653737.19185457	4	0	0.472
574397.949253523	5653631.96936604	4	0	0.978
574245.308545116	5653414.83767692	4	0	0.289
574035.434962826	5653663.42847249	4	0	0.262
574405.477869196	5654102.22725386	4	0	0.503
573287.850558533	5654281.25172171	4	0	0.62
573941.562982348	5654099.17800243	4	0	0.547
572873.486390747	5654142.02627049	4	0	0.633
572469.889632536	5654196.85286532	4	0	0.507
571855.333047235	5654133.05727867	4	0	0.454
571929.256840538	5653838.00373052	4	0	0.405
572360.401552379	5653771.08660967	4	0	0.564
575271.996977579	5654600.84708721	4	0	1.018
574729.563669823	5654109.05818492	4	0	0.412
574526.004493793	5650720.13412709	4	0	1
572681.379724473	5650803.72211327	4	0	0.72
572004.406862066	5650521.37454844	4	0	0.331
571528.841071614	5650705.61014169	4	0	0.539
571585.187052492	5650816.05374421	4	0	0.391
571849.562148483	5650913.44314381	4	0	0.383
571634.221165207	5651251.72187946	4	0	0.319
572053.311412829	5651053.18884511	4	0	0.489
572122.826855772	5651642.91519915	4	0	0.385
571836.652480026	5651686.85382524	4	0	0.412
572144.622613868	5652035.96804008	4	0	0.412
572428.752687952	5651650.94456763	4	0	0.4
572450.514146091	5652035.74767652	4	0	0.418
572319.495410217	5652434.93317334	4	0	0.481
572517.997182848	5652822.41164473	4	0	0.458
571970.941178806	5652834.59746236	4	0	0.926
571760.649484387	5652904.74385458	4	0	0.45
571438.278287775	5652872.20933818	4	0	0.314
571502.550003495	5653211.70172712	4	0	0.27
571008.704005605	5653131.70604731	4	0	0.581
570828.70693049	5652892.44417982	4	0	0.392
571031.935586805	5653581.04540156	4	0	1.463
571115.25442329	5653504.93115345	4	0	0.305
572808.640386309	5652449.69559838	4	0	0.441
573128.044658017	5652519.22707023	4	0	0.423
573300.101641422	5652866.48237855	4	0	0.598
573541.760466553	5652558.29065202	4	0	0.852
573104.677922028	5652990.93814085	4	0	0.415
573196.171171848	5653294.70842846	4	0	0.3
571239.328488139	5650754.47663389	4	0	0.681
570938.924459625	5651147.24355312	4	0	0.5
570569.372916988	5650947.82113937	4	0	1.328
570932.893010773	5650483.83946162	4	0	0.493
570923.489287684	5650166.48100083	4	0	0.348
571162.501142298	5650171.90910903	4	0	0.353
570493.647370335	5649617.19852063	4	0	0.938
570802.825100838	5650013.69332752	4	0	0.336
570446.397097426	5650371.76830401	4	0	0.784
570067.802210792	5650157.22962898	4	0	0.429
570401.703431023	5647914.87379771	4	0	0.671
571932.463160588	5649454.66165791	4	0	1.471
572052.660286958	5650004.58471813	4	0	0.638
572543.628745037	5650002.26409018	4	0	0.591
569591.044596707	5645621.70621821	4	0	0.981
570120.347861537	5646115.86922618	4	0	0.367
569703.868995403	5646275.49930198	4	0	0.384
569731.858918586	5645995.81690398	4	0	0.324
569494.101839761	5646034.32191205	4	0	0.391
569479.729784213	5646063.84095356	4	0	0.572
569587.944818289	5646499.81988413	4	0	0.418
569233.846947237	5646697.28029253	4	0	0.575
569818.485922721	5646768.27506406	4	0	0.6
570205.632196704	5646464.76579991	4	0	0.494
569430.854325857	5647192.12380612	4	0	0.515
568923.671155491	5647172.10736617	4	0	0.378
568942.600150298	5647586.45097588	4	0	0.606
568525.540885852	5647395.48635275	4	0	0.472
568931.251072536	5646818.3225468	4	0	0.36
568800.627027576	5646431.62456375	4	0	0.545
568843.238751479	5648098.71448159	4	0	0
569027.688156873	5647932.14437919	4	0	0.468
572066.542604235	5650998.23195218	4	0	1.482
571767.249604755	5650253.87140141	4	0	1.045
572438.516170784	5650370.26265219	4	0	1.17
574961.24590749	5653080.53950185	4	0	1.381
574843.836498817	5653085.06955486	4	0	0.315
574774.442384021	5653290.82743081	4	0	0.256
574908.642391296	5652698.11978962	4	0	0.305
574773.861544649	5652577.1358107	4	0	0.825
575655.586445619	5652631.00752802	4	0	1.517
574815.190591733	5653414.08095355	4	0	0.344
575277.839083371	5653132.79186225	4	0	0.842
573731.474554028	5644719.34441393	4	0	0.568
563708.333780633	5646028.22768672	5	0	0.463
563743.769384392	5646814.04499845	5	0	0.41
563987.462206402	5647708.42158008	5	0	0.613
563880.945074239	5648258.0909495	5	0	0.436
564531.362488285	5647782.04227593	5	0	0.561
564590.139384539	5648201.73776544	5	0	0.626
564597.147520484	5648310.04968956	5	0	0.578
564623.290813122	5648544.13467822	5	0	0.628
564972.304426241	5648351.75116497	5	0	0.471
565052.140771188	5648691.21094524	5	0	0.642
564940.447227154	5649166.83952311	5	0	0.554
565273.800997038	5649213.4080706	5	0	0.714
564783.669166088	5649621.95923137	5	0	0.537
564508.095174761	5649024.48589808	5	0	0.474
564277.965357867	5649481.65906982	5	0	0.478
564022.060169277	5649631.72259817	5	0	0.557
563599.579862017	5649601.28749305	5	0	0.626
563880.593814956	5650382.78301874	5	0	0.524
563316.715631553	5650444.92594576	5	0	0.593
563548.873370326	5651969.44016282	5	0	0.562
563958.409200608	5652038.82006562	5	0	0.441
563758.396460562	5651981.77748163	5	0	0.56
563657.850539117	5651553.32623636	5	0	0.46
564073.129828647	5651519.45586913	5	0	0.464
564147.156928968	5651859.9765836	5	0	0.44
564210.634943691	5652079.82493192	5	0	0.525
564426.323700767	5652034.86220589	5	0	0.588
565360.766242594	5652162.05197519	5	0	0.845
566058.753236184	5651905.99318615	5	0	0.563
565149.777300145	5651370.3678857	5	0	0.576
565287.289754519	5650987.55022468	5	0	0.433
564930.98289279	5650813.40456471	5	0	0.515
564615.439167789	5651142.12816905	5	0	0.572
564337.081945955	5650747.57450536	5	0	0.466
563976.278853937	5650910.67860307	5	0	0.43
563615.542537026	5650984.74762679	5	0	0.585
564445.885829523	5650290.5461797	5	0	0.588
564894.239751034	5650178.31165255	5	0	0.644
564938.173238789	5651586.67335087	5	0	0.6
565156.128269234	5651646.98058058	5	0	0.513
564918.170769636	5651908.39052713	5	0	0.488
564755.205764496	5652060.39911037	5	0	0.734
564587.298676289	5651684.26290315	5	0	0.553
565701.262056633	5650870.77217251	5	0	0.511
566127.569931007	5650873.79639128	5	0	1.365
565289.021620085	5650280.32137689	5	0	0.735
561732.977199346	5646989.9917898	5	0	0.537
562183.299352033	5647640.79625459	5	0	0.479
562998.209910598	5648432.31133786	5	0	0.512
562178.415919717	5648179.08166738	5	0	0.438
562475.320388256	5644867.44510712	5	0	0.695
562404.41306438	5644595.82223698	5	0	0.525
562072.521299603	5644436.8735027	5	0	0.5
562475.924745328	5644215.93938665	5	0	0.547
561582.578215864	5644335.68693718	5	0	0.375
561228.662307889	5644009.9511352	5	0	0.426
560686.162526571	5644328.38834681	5	0	0.37
560607.072893539	5644598.61779374	5	0	0.325
560947.683163455	5644796.87508115	5	0	0.341
561115.795903479	5644375.72434522	5	0	0.378
561284.523777154	5644764.27664021	5	0	0.474
561668.256574768	5644751.81494963	5	0	0.415
560514.633298067	5644957.69359422	5	0	0.384
563122.71130324	5644437.72450457	5	0	0.483
562912.534537542	5644720.64184119	5	0	0.542
564428.351520742	5640007.98709094	6	0	0.399
562261.193162292	5640212.210768	6	0	0.544
562335.630150432	5640725.36804625	6	0	0.432
562360.409609177	5641045.19020425	6	0	0.29
562127.129030808	5641116.00981835	6	0	0.511
562516.597256576	5641193.76545629	6	0	0.42
563122.697433698	5641465.19274968	6	0	1.15
562838.527872315	5641308.1309496	6	0	0.703
562236.991740648	5641468.25697725	6	0	0.258
562323.639577924	5642072.99668309	6	0	1.066
562155.939217541	5642568.30382845	6	0	0.365
562217.958328483	5642707.80188047	6	0	0.658
562515.344743755	5642747.739389	6	0	0.482
562525.753145216	5643217.12419323	6	0	0.29
562729.107671711	5643178.50848405	6	0	0.834
562865.336384531	5643386.83524396	6	0	0.5
563127.17177891	5643407.61440298	6	0	0.444
563225.722434606	5642892.44814867	6	0	1.312
563846.381384604	5643534.38217677	6	0	0.272
563792.568098791	5643020.37349819	6	0	0.389
564108.761250845	5643322.94915958	6	0	0.457
564218.033798527	5642887.686889	6	0	0.459
564548.803316205	5643000.62130613	6	0	0.395
564789.785277248	5643021.27818111	6	1	0.75
564537.63268912	5642604.50659236	6	0	0.503
564771.099347025	5642981.78189526	6	0	0.312
564537.729058439	5643356.56769996	6	0	0.389
564527.245422122	5643741.70464968	6	0	0.434
563808.796063433	5644479.0692211	6	0	1.405
563907.503693056	5644496.66822044	6	0	0.645
564060.907525817	5644853.53566698	6	0	0.384
563726.624943208	5645463.6357648	6	0	0.369
564102.915559478	5645474.559534	6	0	0.527
564045.553860716	5645935.55586024	6	0	0.677
563168.107535573	5646380.44390475	6	0	0.588
564098.588219575	5646372.12141603	6	0	0.431
564048.821139615	5646713.61972326	6	0	0.406
563876.537894145	5647102.19833442	6	0	1.023
564074.820355929	5647328.86533872	6	0	0.493
564865.873198599	5647747.60267145	6	0	0.502
565889.204269039	5648280.23234557	6	0	0.876
567536.139477326	5650130.49177528	6	0	0.489
562097.284876201	5646047.76163507	6	0	0.555
561752.670905156	5643952.79129391	6	0	0.788
561223.646743863	5643748.06258368	6	0	0.384
561194.603807525	5643462.70727813	6	0	0.464
561414.32624658	5643285.68031965	6	0	0.309
561780.842598553	5643267.94872963	6	0	0.688
561379.89196433	5642976.67247634	6	0	0.563
560833.126669097	5642754.31155441	6	0	0.448
560851.412780818	5642957.61529116	6	0	0.362
560898.287079519	5643202.6768042	6	0	0.37
560603.556761223	5643425.08919874	6	0	0.303
560502.02905512	5643337.71746619	6	0	0.681
560548.846963587	5642747.29580338	6	0	0.269
560985.840208146	5642198.51578395	6	0	0.598
560919.688932945	5642163.66182487	6	0	0.391
560811.598311358	5641845.61070419	6	0	0.476
560459.178753907	5641359.31974141	6	0	0.583
560642.48990488	5641548.23873158	6	0	0.278
560713.262275606	5641175.76658119	6	0	0.445
561037.708265021	5641223.4766959	6	0	0.386
561119.632112686	5641559.04748521	6	0	0.759
561582.552597685	5641681.34989671	6	0	0.606
561336.220823043	5641778.16742387	6	0	0.437
561565.612380925	5642135.3505119	6	0	0.697
561249.949043093	5642217.2629691	6	0	0.238
561817.89168932	5641655.07408045	6	0	0.489
561787.927500073	5641024.4088558	6	0	0.363
561577.622828471	5641167.75238922	6	0	0.514
561172.141149666	5640843.65082607	6	1	0.472
561269.37279089	5640721.26812963	6	0	0.537
561188.217824566	5640255.55070282	6	0	0.769
560760.814944196	5640892.44240121	6	0	0.27
560546.767603367	5644399.27331934	6	0	0.815
562138.070526329	5643272.07231984	6	0	0.406
562243.297155476	5643220.43338068	6	0	0.43
563282.863989131	5644137.95491442	6	0	0.565
568314.364311621	5644950.42779886	6	0	0.695
569371.376397643	5642042.4828789	6	0	1.14
570119.905643365	5640359.24396732	6	0	0.486
570522.735099242	5639476.68466698	6	0	0.649
570156.908654786	5639038.2978551	6	0	0.226
569912.910321575	5638859.17495433	6	0	0.442
569742.737943846	5639149.13114251	6	0	0.778
569784.155198162	5638394.82980805	6	0	0.345
569245.801929282	5638912.59913264	6	0	0.457
568847.18169128	5639356.97101098	6	0	1.054
569420.102693292	5639550.6298832	6	0	1.279
569046.183870993	5639986.6837345	6	0	0.76
569344.968247407	5640186.04231193	6	0	0.946
569134.017030012	5640775.58844633	6	0	0.402
568837.920597467	5640740.34665494	6	0	0.559
568258.470947236	5641147.99397745	6	0	0.191
568431.137579277	5640670.10299912	6	0	0.459
568134.800157996	5640871.98087956	6	0	0.91
567766.73121075	5640569.64055721	6	0	0.466
567586.307169995	5641024.11108665	6	0	0.6
567311.561381861	5641238.38673179	6	0	0.247
567179.592663563	5641056.69243065	6	0	0.44
567437.38973662	5641583.07583617	6	0	0.478
567793.138734429	5641394.33792291	6	0	0.38
568067.6063522	5641814.46669107	6	0	0.479
567921.112432052	5641865.07107398	6	0	0.543
567521.931340862	5641997.42152721	6	0	0.354
568692.824063669	5641701.56635166	6	0	0.732
568659.096555094	5641598.26137856	6	0	0.459
569059.532138566	5641244.57827818	6	0	0.339
567993.731706317	5643367.76821498	6	0	0.692
567664.641838238	5643067.6548867	6	0	0.35
567471.907924656	5643267.96689382	6	0	0.373
567099.580619118	5643325.93231199	6	0	0.368
567299.424419308	5643653.28377503	6	0	0.352
566971.694146929	5643997.76543323	6	0	0.445
567162.221617585	5644532.11051799	6	0	0.544
566981.615446229	5644577.7554196	6	0	0.521
566630.496206295	5644458.34332403	6	0	0.41
566605.488708071	5645037.54889147	6	0	0.444
566268.089142681	5644579.92549222	6	0	0.674
566173.059864026	5645135.50618673	6	0	0.488
566230.708943111	5645523.0430608	6	0	0.414
566587.149130858	5645552.982464	6	0	0.348
566313.735449512	5646270.25983095	6	0	0.517
566262.406710371	5645910.3334337	6	0	0.537
565884.313636353	5646085.43880477	6	0	0.485
565686.56666715	5645605.15552888	6	0	1.064
565660.77651376	5645405.63154572	6	0	0.57
565513.503459446	5644282.33623661	6	0	0.838
565852.616152782	5644239.78399058	6	0	0.592
565591.179962599	5643840.17777973	6	0	0.708
565944.178194686	5643680.58884938	6	0	0.576
565604.662091378	5643469.58120167	6	0	0.409
565405.464722287	5643128.21958404	6	0	0.536
566656.352545606	5643039.08751902	6	0	0.641
566503.802872505	5643639.0195815	6	0	0.605
566303.507503908	5643790.67858681	6	0	0.58
566420.527869	5644114.83081855	6	0	0.501
566630.360907064	5642483.67791486	6	0	0.501
566582.849402903	5642478.58382094	6	0	0.486
566603.120965354	5642097.57349757	6	0	0.466
566191.078379807	5641829.27261489	6	0	0.374
566673.708560169	5641509.15582553	6	0	0.443
566999.337295351	5641930.20862171	6	0	0.392
566559.870377453	5640925.4420265	6	0	0.413
566015.890147008	5641526.52035663	6	0	0.348
565972.246655108	5641143.08018273	6	0	0.439
565531.059026439	5641028.66120479	6	0	0.553
565064.632071902	5640723.10664897	6	0	0.416
565115.257940563	5641007.45337296	6	0	0.301
564774.966749042	5640830.67632092	6	0	0.509
564733.486459068	5641232.83974349	6	0	0.524
565103.786406478	5641376.01229496	6	0	0.382
564753.319237236	5641684.59797068	6	0	0.57
564947.215078385	5642042.94668905	6	0	0.765
564575.312574656	5642023.80387379	6	0	0.222
564944.888248311	5641796.7600429	6	0	1.066
563862.713561266	5641957.89929422	6	0	0.505
563874.395357352	5643002.07425305	6	0	1.077
563076.531756843	5642704.89216963	6	0	0.284
563847.85685183	5641924.9640192	6	0	0.35
564041.162982978	5641696.15182503	6	0	0.587
564400.48352412	5641517.71239039	6	0	0.544
564388.834077684	5641049.63783071	6	0	0.408
564309.680860199	5640633.2322545	6	0	0.811
565946.806654947	5640343.80608389	6	0	0.514
566416.011045418	5640528.99797467	6	0	0.606
567019.414174755	5640596.44312555	6	0	0.562
567305.432764374	5640395.4247869	6	0	0.579
567391.982162309	5639997.12746815	6	0	0.379
567577.012085252	5639660.590065	6	0	0.427
567873.292913513	5639755.84719864	6	0	0.361
568238.081057189	5639594.70530117	6	0	0.592
568188.992184047	5639248.62241724	6	0	0.451
568420.838523045	5638780.88866257	6	0	0.371
568227.414008432	5638680.38739895	6	0	0.371
568118.592901394	5638674.61397376	6	0	0.368
568868.98451112	5638458.83878654	6	0	0.509
568821.818320801	5637124.95334142	6	1	0.395
567604.171987933	5637631.27172017	6	0	0.923
566558.344388583	5638718.76560097	6	0	1.429
566182.863437404	5639399.86584242	6	0	0.9
568487.747264136	5640125.64726808	6	0	0.652
568748.279906017	5640266.68540773	6	0	0.206
568498.173022062	5639900.0268477	6	0	0.367
568631.645686039	5639613.93578848	6	0	0.349
565526.211333633	5642177.70088856	6	0	1.263
565699.056235078	5641843.70823311	6	0	0.809
565123.10545678	5644803.66331134	6	0	1.489
564529.645868915	5646028.78740748	6	0	0.562
564905.961263289	5646074.97255731	6	0	0.812
565381.122316042	5646556.91221905	6	0	0.804
564897.515904658	5646707.29337656	6	0	1.158
564927.714860121	5647119.27571544	6	0	0.493
564794.479462023	5647275.58747482	6	0	0.445
564471.795844664	5647164.84741936	6	0	0.526
564487.720964655	5646664.7555392	6	0	0.537
565587.690174054	5646276.98551014	6	0	0.486
565990.700182895	5646636.39972878	6	0	0.463
566075.017788046	5647056.93858879	6	0	0.348
567432.430225637	5647066.04394379	6	0	0.285
568826.333399864	5648443.26889439	6	0	0.468
565684.380734751	5645089.0929346	6	0	0.947
565701.415180665	5644679.77274319	6	0	1.664
562502.389962508	5643858.94320945	6	0	1.265
561172.575752372	5642559.79639079	6	0	1.886
568643.39044408	5641118.46066321	6	0	0.686
569063.401742362	5641532.52802373	6	0	1.187
568187.706593146	5645700.08008028	6	0	0.891
570630.681725546	5640974.65418695	6	0	1.07
571209.740418736	5639065.46319967	6	0	1.27
562283.368923555	5641646.3711713	6	0	0.922
570296.665036135	5637504.63108804	6	0	2.268
564563.764130204	5645509.62717499	6	0	0.458
564782.881010519	5644870.5258129	6	0	0.518
564473.220820316	5644967.53099897	6	0	1.007
564406.701155709	5644265.55246496	6	0	0.591
562226.861785573	5638671.87335297	6	0	1.976
562933.64238475	5639002.03657022	6	0	1.26
561075.832577744	5639546.80676327	6	0	1.376
562648.695438798	5639806.09978975	6	0	1.149
569721.662309644	5633319.33007984	6	0	2.723
571166.906959548	5640109.76774975	6	0	0.872
571328.441621711	5639592.0940237	6	0	0.692
570451.867358547	5636026.68362593	6	0	0.966
570975.783496485	5635724.15584574	6	0	1.163
567390.298639153	5657435.25654002	7	0	0.587
569322.766237598	5654297.49854218	7	0	0.436
569392.985452953	5654600.19765374	7	0	0.414
569754.314734785	5654348.35485316	7	0	0.351
569697.378695845	5654886.21015669	7	0	0.851
569697.913438367	5654995.05214768	7	0	0.589
569345.94302741	5655201.59705899	7	0	0.409
569295.15124819	5654948.69841443	7	0	0.473
568932.653083972	5655133.46391962	7	0	0.383
568867.605812722	5654805.67249088	7	0	0.435
568431.141860552	5655118.44073231	7	0	0.883
569214.572969033	5655760.72443392	7	0	0.386
571389.558334457	5658009.67404956	7	0	0.411
571423.966371239	5657659.46374787	7	0	0.526
571709.568566951	5657943.49077512	7	0	0.375
571711.511651661	5658118.53640797	7	0	0.518
572026.94403545	5657849.81196888	7	0	1.187
571726.0100754	5658393.24280846	7	0	0.587
571448.093230027	5658255.10427836	7	0	0.401
571475.844720749	5658502.54788959	7	0	0.559
572262.294604595	5658462.098753	7	0	0.39
572604.735987655	5658455.78801953	7	0	0.936
572414.304795329	5658116.5086631	7	0	0.703
572764.474490644	5657902.43067682	7	0	0.816
572470.421151086	5657606.81480193	7	0	0.705
572739.540712553	5657328.75396402	7	0	0.6
572225.385472109	5657358.7878009	7	0	0.487
572094.638444703	5657335.4752969	7	0	0.621
571698.460330589	5657298.6140479	7	0	0.837
571765.052574739	5656895.26636245	7	0	0.668
571933.511386706	5656893.14998111	7	0	0.472
572240.074903955	5656565.78110634	7	0	0.322
572494.943883383	5656351.50192472	7	0	0.48
572785.207453773	5656228.20532364	7	0	0.465
572297.859333451	5656077.83941398	7	0	0.633
572343.356754494	5655732.32134516	7	0	0.485
572697.654138682	5655794.54017127	7	0	0.533
572112.044684017	5655660.52485754	7	0	0.495
571992.352796915	5655695.19332824	7	0	0.258
571590.045628431	5655714.21338807	7	0	0.532
571736.508006369	5655847.09836781	7	0	0.408
572136.916137085	5655311.9878302	7	0	0.634
572010.054438801	5655253.81293474	7	0	0.301
571787.957664707	5655250.88196053	7	0	0.401
572069.111589623	5654897.37644228	7	0	0.734
571561.72473891	5654853.51323871	7	0	0.624
571529.892187218	5655164.73136214	7	0	0.287
571510.131071555	5654297.68099113	7	0	0.786
574283.123387273	5654286.35277653	7	0	0.441
574418.880653731	5654556.43456055	7	0	0.432
573943.338827019	5654513.24579311	7	0	0.404
574078.835454254	5654974.20974997	7	0	0.877
573690.367231575	5654925.39560641	7	0	0.405
573815.263885254	5655265.22775595	7	0	0.474
573490.389575625	5655250.0056787	7	0	0.491
573430.835248834	5654913.84170208	7	0	0.255
573233.867783414	5654796.26197033	7	0	0.562
573415.179776671	5654568.75247201	7	0	0.454
573644.368570712	5654256.47243786	7	0	0.514
572791.155750146	5654563.21214722	7	0	0.458
572317.112157628	5654524.37790463	7	0	0.502
571944.076155199	5654470.26924255	7	0	0.393
572034.086326407	5654111.57809246	7	0	0.408
572525.756487937	5654817.35682419	7	0	0.52
572697.965855462	5655102.3199145	7	0	0.603
572334.017500147	5655210.71558013	7	0	0.451
573481.154854657	5655301.81840885	7	0	0.567
573631.352135897	5655708.9005449	7	0	0.589
573446.508332774	5655968.07369069	7	0	0.612
573128.130865434	5656147.17512962	7	0	0.756
573370.592211396	5656469.50085176	7	0	0.636
573704.477562277	5656204.29179226	7	0	0.808
573956.320502564	5656439.53443926	7	0	0.469
574048.715583454	5656166.29235241	7	0	0.548
573833.755052796	5655913.68789258	7	0	0.364
573716.641164959	5655696.64710653	7	0	0.253
574180.166836947	5655836.56425103	7	0	0.358
574397.000940072	5655815.98206242	7	0	0.362
574358.310953462	5656261.76857316	7	0	0.276
574677.199021688	5656377.4400082	7	0	0.388
574370.418509556	5656668.01833372	7	0	0.89
574069.619156056	5656670.97640139	7	0	0.413
574383.842028805	5656937.30788913	7	0	0.377
573984.886265428	5656959.11352276	7	0	0.531
573736.845026512	5656833.23825196	7	0	0.301
573490.050401663	5656929.6382096	7	0	0.632
573490.872786189	5657251.30410488	7	0	0.422
573474.890906196	5657403.10006315	7	0	0.326
573415.76615766	5657583.50922562	7	0	0.242
573528.254712089	5657717.11578843	7	0	0.383
573756.83775388	5657837.30770434	7	0	0.908
573533.23294481	5658160.52711865	7	0	0.713
573142.8639351	5657968.57063471	7	0	0.569
573085.405582007	5657945.05305429	7	0	0.576
573327.621912591	5658382.90658235	7	0	0.509
573130.249834035	5658517.31654758	7	0	0.526
573773.022821803	5658941.08060536	7	0	0.742
574415.080699217	5658028.016013	7	0	0.451
574338.791884511	5657949.5683197	7	0	0.336
574043.02808743	5658046.96775927	7	0	0.584
574027.648640565	5657806.10219365	7	0	0.209
574091.136982432	5658336.10690788	7	0	0.588
573860.605337905	5658593.82135209	7	0	0.716
573679.738220391	5658521.91052988	7	0	0.619
574281.775903194	5657510.28888	7	1	0.398
574394.783413942	5657349.82845038	7	0	0.445
573934.098953576	5657319.45434286	7	0	0.739
574658.65233021	5656852.97450668	7	0	0.573
574974.747311802	5656416.85428446	7	0	0.976
575055.559187464	5655104.18851028	7	0	0.566
574810.504341052	5655246.32495179	7	0	0.282
574723.1625458	5654915.74119984	7	1	0.539
574410.982024831	5654932.58413174	7	0	0.568
574239.4802947	5655332.43830431	7	0	0.44
574791.865726674	5654496.08291934	7	0	0.552
575038.862998546	5654737.94464769	7	0	0.52
575190.923234727	5654480.90814178	7	0	0.565
575058.354415015	5654148.46125621	7	0	0.628
573091.81621688	5657366.15035351	7	0	0.637
573107.765337754	5656832.60980196	7	0	0.581
572745.12551329	5656753.52533876	7	0	0.411
572710.05168803	5656898.23216219	7	0	0.481
572362.456268739	5656903.82144131	7	0	0.641
571408.027616425	5656116.36390533	7	0	0.621
571544.757630557	5656274.0750617	7	0	0.871
571667.570001257	5656552.95012842	7	0	0.428
571415.637193945	5656586.40588951	7	0	0.574
571384.174663662	5656902.93673044	7	0	0.494
571395.065965628	5657276.80602226	7	0	0.396
572119.463958295	5658556.93989121	7	0	0.812
571890.544553103	5656333.82825891	7	0	0.87
572047.969559694	5656117.52740881	7	0	0.251
575134.700623066	5656890.03201486	7	0	1.007
575211.176928103	5656176.10542208	7	0	0.571
575032.588120396	5659336.32213042	7	0	1.835
574931.550994109	5657957.30181727	7	0	1.791
574663.448981087	5657836.00865313	7	0	1.082
574638.276729748	5657660.03232356	7	0	0.276
574660.615278456	5657306.7166423	7	0	0.358
571083.604829562	5659352.93095916	7	0	0.156
574882.677553801	5658485.86680508	7	0	0.605
575231.489354398	5657937.95405216	7	0	0.895
561370.454676011	5655290.30601712	8	0	0.523
560927.176548855	5654980.5834994	8	0	0.429
559895.092903843	5654947.79036552	8	0	1.063
558951.355839532	5656840.4178563	8	0	0.47
555671.494860174	5658623.75193811	8	0	0.608
554706.347321458	5659458.33933646	8	0	0.968
555488.646819789	5659555.0763851	8	0	0.302
555323.833328026	5659779.90902902	8	0	0.394
555926.885698565	5659347.14183008	8	0	0.816
555596.117329289	5660250.47823236	8	0	0.801
555589.720078431	5660566.33759066	8	0	0.695
556198.375133838	5660556.85693462	8	0	0.548
555847.780789609	5660823.20439059	8	0	0.29
555326.203147618	5660809.37761929	8	0	0.568
554818.201033055	5660587.95872699	8	0	1.24
554671.644007954	5661185.87052837	8	0	1.352
558794.428499881	5658900.78268117	8	0	0.96
559009.553804858	5658841.51113946	8	0	0.488
559157.416744517	5658544.69660348	8	0	0.376
559547.339217043	5658335.23916674	8	0	0.356
559066.330949568	5657989.66640076	8	0	0.512
558718.083915707	5658063.05406115	8	0	0.596
558317.196963481	5658013.66418944	8	0	0.396
557131.850637389	5658797.52217084	8	0	0.34
557078.319539957	5659090.32758296	8	0	0.37
556828.839688424	5659184.08977	8	0	0.327
556940.623026522	5660009.69918033	8	0	0.442
556732.007098701	5660340.38751176	8	0	0.453
556499.867834158	5660002.74958523	8	0	0.456
556164.229472167	5660337.37694152	8	0	0.401
556446.503163926	5659825.03705974	8	0	0.509
556352.57744886	5659515.27099249	8	0	0.549
557858.694602289	5659271.83067769	8	0	0.561
558309.503467723	5659023.01446254	8	0	0.514
557090.325602778	5657973.71247439	8	0	0.555
558670.568860339	5657318.02823154	8	0	0.472
559071.246117409	5657347.53170703	8	0	0.736
559459.250369878	5657301.48632946	8	0	0.474
559780.99197917	5657351.66724393	8	0	0.603
559843.8865117	5657755.42755252	8	0	0.402
560284.429696323	5657869.06775882	8	0	0.625
560900.774726034	5657735.66700402	8	0	0.441
560097.962859022	5658836.18847902	8	0	0.457
561649.533821967	5656677.08239564	8	0	0.657
562058.126897171	5655699.8347698	8	0	0.638
561030.671302366	5656332.9246207	8	0	0.479
560928.132197676	5655915.43734379	8	0	0.414
560411.559290466	5655749.43011362	8	0	0.369
559939.443885357	5655987.50596036	8	0	0.283
560041.382087781	5656644.82573229	8	0	0.643
560563.982492978	5657291.73269736	8	0	0.688
559751.86379953	5658319.50673948	8	0	0.857
559445.220213625	5657966.28731644	8	0	1.331
561144.550640491	5655694.56089799	8	0	1.355
558687.609737061	5655961.03011668	8	0	0.986
553212.610672425	5662327.52497589	8	0	1.206
552903.640116947	5662207.24301689	8	0	0.523
552925.547907591	5661934.91080367	8	0	0.553
553092.065882381	5661465.88203015	8	0	0.581
552760.529804276	5661348.17969645	8	0	1.236
552930.101681344	5660969.40708133	8	0	0.941
552890.628304234	5662776.06251379	8	0	0.688
554563.871964924	5658096.20266345	8	0	0.422
554111.962414609	5660901.95385091	8	0	0.408
554239.061107791	5660438.26208249	8	0	0.511
554544.642987499	5659899.66367664	8	0	0.701
551877.449454627	5658826.00579124	8	0	0.935
551498.789947304	5658224.80939465	8	0	1.708
552704.001566673	5657465.85187427	8	0	0.697
553150.104277747	5657976.30009288	8	0	0.862
552961.784742376	5658594.86870142	8	0	0.851
554072.984100446	5661307.0257236	8	0	0.791
552366.797706716	5662717.32883499	8	0	1.615
552450.786358158	5662082.1529588	8	0	0.506
552425.510774456	5661872.61655516	8	0	0.459
552747.508247579	5660902.40152285	8	0	0.278
553196.731006283	5660441.39822732	8	0	1.505
553598.483231995	5660658.96208829	8	0	1.82
563124.576467077	5663302.06324007	9	0	0.501
563404.87865595	5663510.51110241	9	0	0.417
563294.110089681	5663077.03705374	9	0	0.561
563625.850263539	5663430.2783615	9	0	0.376
563824.242267934	5663359.76733446	9	0	0.702
563938.918599557	5662836.93135469	9	0	0.466
564042.876011848	5662500.94287175	9	0	0.626
564075.35818511	5662226.35797407	9	0	0.717
564441.447908146	5662252.24776465	9	0	0.511
564356.670674793	5662006.4568015	9	0	0.398
564441.592918048	5661781.64446328	9	0	0.588
565329.348398899	5661753.58456483	9	0	0.593
565577.775436196	5661706.83672897	9	0	0.381
566020.82168529	5661806.61213391	9	0	0.374
566418.132270134	5661334.50905163	9	0	0.888
562052.438381221	5663319.91340795	9	0	0.975
562195.241644441	5663036.09345611	9	0	0.507
562089.6588115	5662774.51099166	9	0	0.423
562300.307169261	5662704.27175285	9	0	0.289
562730.905259738	5662862.76156821	9	0	0.636
562610.174007909	5663240.65731413	9	0	0.734
563262.485125093	5662768.12047159	9	0	0.457
563651.949346403	5662994.36576087	9	0	0.536
563434.662048999	5662619.71142976	9	0	0.366
563258.941738532	5662538.32666979	9	0	0.388
563450.64436315	5662346.60722216	9	0	0.509
563577.132079314	5662076.51709876	9	0	0.598
563739.827411681	5661979.59665136	9	0	0.259
563658.314317652	5661635.30886775	9	0	0.609
563226.282657039	5662068.45403433	9	0	0.444
562988.052704809	5662304.14197493	9	0	0.378
562769.006012321	5662288.15884942	9	0	0.285
562683.741763447	5662469.37249443	9	0	0.356
565752.002423451	5662163.38419078	9	0	0.705
565708.62832674	5662143.88754769	9	0	0.261
565039.382825183	5662153.08407851	9	0	0.493
565280.880134196	5662500.78835926	9	0	0.546
564489.179213378	5662900.48570051	9	0	1.05
564535.03631767	5662543.13709825	9	0	0.479
565623.417838028	5664009.24633575	9	0	1.66
566309.981087573	5665009.49657274	9	0	0.441
566495.122448512	5665330.1663703	9	0	0.831
566827.233432665	5665541.03732121	9	0	0.499
562845.492116764	5663648.09669803	9	0	1.414
565356.095502822	5662498.0204803	9	0	0.97
561730.635619504	5664593.19927976	9	0	0.414
561269.883875414	5664623.97441872	9	0	0.533
561353.472630466	5664481.10121864	9	0	0.307
566330.411129099	5664137.90810677	9	0	0.418
566239.751742796	5663535.82120571	9	0	1.31
565808.401290082	5665061.02700814	9	0	0.887
565605.118794952	5664681.09300158	9	0	0.717
565922.390284264	5664785.34958276	9	0	0.35
561156.911494288	5664320.98709698	9	0	1.107
564488.592695061	5662905.54792314	9	0	0.591
566328.907911141	5665707.37773046	9	0	0.369
566638.766100971	5665882.01443374	9	0	0.395
566021.924096766	5664432.47448296	9	0	1.291
566500.63664499	5664611.04322891	9	0	0.384
562596.185718021	5665776.14548306	9	0	1.144
562368.10367059	5665720.19146983	9	0	0.603
562919.594372686	5665532.71032345	9	0	0.785
562921.732173139	5664733.62210541	9	0	0.414
562603.317830069	5664966.09438636	9	0	0.417
562588.782003741	5664540.98978613	9	1	1.163
562357.740465791	5664355.16913075	9	0	0.544
562831.325132987	5664034.86033721	9	0	0.85
563679.848897563	5664620.50998864	9	0	1.808
564261.718047352	5664871.19719525	9	0	1.172
564206.298309133	5665443.3546713	9	0	0.956
564604.841886233	5665478.5764039	9	0	0.833
564924.823771826	5665453.3773125	9	0	1.341
564751.416895449	5664934.40131982	9	0	0.585
565094.436480034	5664659.76317417	9	0	0.669
565236.423634664	5664420.38622934	9	0	1.238
564795.248034719	5664305.49531244	9	0	0.357
564672.56677414	5664379.05853054	9	0	0.377
564368.87052835	5663746.95159755	9	0	1.054
565260.021654558	5666719.90761355	9	0	1.111
565359.86307003	5666226.79106732	9	0	1.158
565607.019877079	5665654.70444371	9	0	2.288
565869.347139985	5666698.70931871	9	0	1.415
566304.870278099	5666835.18981594	9	0	0.97
566223.747519427	5666207.25924478	9	0	0.566
566529.446455356	5666164.90874219	9	0	0.629
566408.140838694	5665713.54750635	9	0	0.79
565236.825420558	5667289.98476226	9	0	0.815
566031.440920253	5667342.31793113	9	0	1.437
566788.861096233	5667449.48744231	9	0	0.847
567083.557983444	5665845.76909496	9	0	1.332
566729.161363993	5667031.33469684	9	0	0.968
566751.615558769	5666641.57312881	9	0	0.934
567101.621533901	5667754.38993839	9	0	0.816
561883.638431079	5667070.14021507	9	0	0.849
561991.397510463	5666259.26030095	9	0	2.338
562827.940645833	5666641.75269585	9	0	1.715
563460.305955703	5666470.12574451	9	0	2.702
563795.154630823	5665903.26109876	9	0	3.579
563597.038257155	5665460.78669305	9	0	1.026
564663.243139952	5666241.24718908	9	0	1.67
564129.941593153	5666989.12871226	9	0	2.402
564631.059717529	5661433.30823315	10	0	0.64
564900.1448768	5661328.59970329	10	0	0.422
565119.939164842	5661429.28556355	10	0	0.416
565361.731011093	5661332.96179033	10	0	0.38
565786.489392057	5661288.35897684	10	0	0.483
565946.324374397	5661569.16239852	10	0	0.27
566223.806654688	5661279.36960461	10	0	0.391
565989.471137449	5660965.72897718	10	0	0.614
566186.044237818	5660588.36744719	10	0	0.608
566297.378927847	5660632.03130227	10	0	0.231
565372.318073478	5659854.43486732	10	0	0.541
565177.835548191	5659503.56591727	10	0	0.428
564826.329291443	5659290.66547106	10	0	0.497
565165.223101911	5658948.65786069	10	0	0.447
565500.394589872	5659085.74513955	10	0	0.513
565245.268140195	5658314.41655462	10	0	0.607
565436.791150288	5658087.77803048	10	0	0.519
565915.668625426	5658171.19012143	10	0	0.512
565522.684721726	5657657.51367274	10	0	0.533
566048.393043875	5657503.67867285	10	0	0.405
565812.459540877	5657112.15609739	10	0	0.443
565514.195051211	5657215.50649997	10	0	0.567
565686.245354228	5656756.12302673	10	0	0.547
565292.234646224	5656730.82203063	10	0	0.592
565154.981636779	5656991.47663743	10	0	0.512
564825.395657048	5656652.25995409	10	0	0.332
564304.395932316	5656746.4932849	10	0	0.457
564375.455709752	5656276.00381445	10	0	0.64
564352.327747317	5655887.32977518	10	0	0.573
564372.786682397	5655570.8217339	10	0	0.591
564421.568445541	5655263.49207212	10	0	0.589
564982.697578105	5655579.74646871	10	0	0.535
565108.374003166	5655270.59879058	10	0	0.468
563048.923738217	5655147.49883473	10	0	0.555
562409.392789909	5655075.60927598	10	0	0.477
562017.544935186	5655201.94332723	10	0	0.502
560670.750640159	5658242.92272755	10	0	0.557
561192.942278889	5657953.69110236	10	0	0.485
561268.92934181	5658267.00748845	10	0	0.471
561687.759539066	5658139.75554617	10	0	0.461
561404.365999347	5658571.26738483	10	0	0.442
561317.08769925	5658955.80315878	10	0	0.582
560910.690027773	5658608.26051368	10	0	0.636
560724.372930715	5659058.46996235	10	0	0.474
560449.470394746	5658604.94913536	10	0	0.419
560611.591976845	5659413.52800326	10	0	0.486
560348.975838317	5659687.0572761	10	0	0.687
564161.649508904	5661300.00021908	10	0	0.635
564086.680276934	5660812.75199364	10	0	0.708
564319.026148918	5660762.12359695	10	0	0.286
564630.777654076	5660579.43100263	10	0	0.889
564311.264238291	5660299.40965211	10	0	0.251
564713.584484339	5660286.70863517	10	0	0.274
564354.806280257	5659937.40587475	10	0	0.601
564501.313858236	5659638.18925502	10	0	0.682
565107.293400859	5660135.1329349	10	0	0.596
565410.098924251	5660169.08273117	10	0	0.406
565174.323863592	5660638.1396528	10	0	0.644
565634.896184756	5660602.41271832	10	0	0.468
565866.106916485	5660622.25416384	10	0	0.353
565416.159183796	5660968.36374138	10	0	0.62
564705.53493895	5660868.67717407	10	0	0.389
564418.915969488	5661292.05686674	10	0	0.384
564023.420021108	5659443.99339306	10	0	0.483
563940.768132027	5659059.74148958	10	0	0.356
564445.867179519	5659033.09323347	10	0	0.597
564731.56806558	5658593.20639238	10	0	0.542
564361.785617243	5658145.59988725	10	0	0.714
564020.773154671	5658286.99999125	10	0	0.538
563711.755524875	5658362.75730802	10	0	0.735
563678.617763018	5658666.60523271	10	0	0.63
563600.283043417	5659074.62724341	10	0	0.567
563852.278080302	5657778.07406639	10	0	0.644
563754.773187478	5657474.31700992	10	0	0.453
563769.814929645	5657156.94954937	10	0	0.535
563582.983493317	5656807.97153157	10	0	0.608
563005.6421367	5656967.17081778	10	0	0.37
563200.443596314	5657401.10489078	10	0	0.43
562724.448640578	5657707.68683315	10	0	0.502
562965.319232755	5657900.79422301	10	0	0.429
562107.210374089	5658297.09631694	10	0	0.406
562119.472091753	5657910.52069988	10	0	0.458
561865.566840064	5657542.01997182	10	0	0.501
561506.312137523	5657688.14922404	10	0	0.5
561556.928704172	5657205.04798823	10	0	0.412
562055.235202958	5656667.12105154	10	0	0.606
562218.171401371	5656995.15219895	10	0	0.501
562409.357007456	5657416.80169741	10	0	0.495
562307.015829009	5656346.43868855	10	0	0.605
562890.692552488	5656433.66829091	10	0	0.603
562848.132195976	5655960.99849582	10	0	0.465
563204.372220524	5656034.45097101	10	0	0.525
562870.843796823	5655702.25556321	10	0	0.341
563043.485524103	5655546.62670302	10	0	0.61
563554.724836369	5655602.99877025	10	0	0.539
563920.521606087	5655641.16504308	10	0	0.552
563735.111604559	5655955.88710263	10	0	0.626
563771.12435594	5656355.80838808	10	0	0.665
563761.623982701	5654837.57212095	10	0	0.673
562355.541344739	5655929.87965914	10	0	0.615
564577.57032387	5657298.61806236	10	0	0.646
564822.135445326	5657999.51706875	10	0	0.46
565171.795855785	5657519.32184574	10	0	0.466
566325.999974157	5655295.13695546	10	0	0.509
565849.150750872	5655218.84972013	10	0	0.685
565477.628593463	5655230.46186702	10	0	0.439
565697.252421824	5655590.38601096	10	0	0.676
565558.208019203	5655884.91345222	10	0	0.574
565947.921391344	5655989.27103468	10	0	0.482
565842.268921956	5656340.27786159	10	0	0.586
565468.234921811	5656283.58607848	10	0	0.688
564956.221676097	5656280.61402123	10	0	0.759
564979.891836868	5655874.01820148	10	0	0.65
566170.485449308	5656663.67305433	10	0	0.575
566359.24470267	5656392.20403928	10	0	0.563
566569.273112035	5656739.99422717	10	0	0.492
566510.38960794	5657384.92058129	10	0	0.412
566170.279951181	5658407.36113555	10	0	0.458
567311.05281726	5655868.06939138	10	0	0.439
566773.537437964	5655751.71214895	10	0	0.734
566925.84606369	5655144.39372018	10	0	0.574
567765.326899847	5655060.46627996	10	0	0.601
566480.572959047	5655842.93474234	10	0	0.554
566207.770724837	5655860.18746302	10	0	0.584
565759.27154733	5660134.22992305	10	0	1.086
565787.094421191	5659773.7660802	10	0	0.547
566079.137169148	5659940.51911277	10	0	0.261
566280.682339408	5659980.37619818	10	0	0.581
566073.055289221	5659212.61400018	10	0	1.195
565926.230617392	5659201.7470878	10	0	0.248
565810.817482568	5658946.95132634	10	0	0.379
569538.392561107	5645401.8220222	11	0	0.659
569823.16774847	5645215.18247551	11	0	0.156
568762.528621351	5645930.61751769	11	0	0.626
568721.208701892	5645664.86106439	11	0	0.391
568670.890978905	5645530.02240943	11	0	0.825
568944.764627696	5645245.35229171	11	0	0.322
568898.687644452	5644197.29451852	11	0	1.005
568923.082210584	5644695.34707227	11	0	0.228
569477.284671579	5642679.77074767	11	0	0.956
569439.722306108	5642263.22376498	11	0	0.424
570722.970136821	5642709.66770947	11	0	0.561
570635.911337928	5641780.53372117	11	0	0.805
571179.04529278	5641718.12558224	11	0	0.651
571226.069537094	5641130.75217785	11	0	1.062
571715.319190678	5637573.47214996	11	0	0.395
571359.898770202	5637531.31126281	11	0	0.466
571102.100507751	5637396.75221562	11	0	0.478
571109.626348724	5637116.98219867	11	0	0.32
571508.025922312	5638216.15127737	11	0	0.931
571607.78939979	5637583.74890581	11	0	1.567
568284.163593441	5645783.44632306	11	0	0.256
570586.210753778	5641372.89075168	11	0	0.494
571743.804382328	5639120.25483595	11	0	0.755
569314.687219386	5644922.67391941	11	0	1.111
571754.706830109	5640270.27047137	11	0	0.263
571801.786510716	5639799.97847826	11	0	0.385
571775.619099583	5639970.19869441	11	0	1.553
570850.292210218	5637845.79525887	11	0	1.603
570770.380744039	5637557.34601487	11	0	0.315
572305.316706275	5637724.03610373	11	0	0.585
572196.00623094	5638603.81955585	11	0	0.338
573065.316987549	5638636.42904563	11	0	0.426
572775.191227862	5639318.29708438	11	0	0.519
572465.874237719	5639353.45864786	11	0	0.572
572678.498803066	5639636.53917628	11	0	0.517
572292.872556339	5639502.99955172	11	0	0.612
569277.637073955	5643277.66715389	11	0	0.837
569736.749666466	5642851.17733162	11	0	1.118
571621.221738087	5641551.60794607	11	0	1.089
571801.821584035	5641114.2863495	11	0	0.537
571754.244360643	5640712.95118287	11	0	0.919
569835.537279185	5644979.71470432	11	0	0.978
569687.668016663	5644101.66888494	11	0	0.907
572318.683486808	5639035.76999478	11	0	0.541
572072.325857852	5639466.97852939	11	0	0.587
572231.205009566	5640093.7703866	11	0	0.578
572344.457671639	5639775.36267354	11	0	0.814
572695.861992052	5640240.61924817	11	0	1.825
572732.943195762	5639792.979137	11	0	0.626
573038.335239306	5639668.25635987	11	0	0.398
571480.117158123	5636555.74521938	11	0	1.001
571624.196862721	5636417.09749117	11	0	0.474
571524.525071936	5635747.93797527	11	0	2.064
572139.215237788	5635841.30106427	11	0	1.275
571469.093561865	5635195.95346543	11	0	0.938
572128.644822638	5638397.53153483	11	0	0.297
572467.891089521	5638763.11744661	11	0	0.402
572692.393566927	5638398.23909721	11	0	0.662
572900.478264258	5637990.96300646	11	0	0.726
572280.091791405	5637505.10439153	11	0	1.192
573026.875169637	5637616.73228695	11	0	0.82
573496.607297843	5637909.47928303	11	0	1.5
574015.658145379	5639542.95990123	11	0	5.276
573908.945205097	5638455.81485725	11	0	0.574
574347.393019305	5638501.56486603	11	0	0.866
574530.857322482	5638050.83305883	11	0	2.086
574921.637401015	5638649.73238412	11	0	1.103
575029.613679026	5639121.2176426	11	0	0.919
575890.522533135	5639053.90962743	11	0	1.655
572916.76757396	5639195.28629087	11	0	0.387
572988.692281653	5638825.20425033	11	0	0.516
573553.566961695	5638865.6143239	11	0	2.065
564214.80698251	5638121.22178679	12	0	0.887
564572.319672561	5638075.31171116	12	0	0.243
564773.419527657	5638164.1861569	12	0	0.58
564846.70399419	5638449.7214579	12	0	0.54
564545.347601049	5638664.76370196	12	0	0.649
564705.741747528	5638901.22319296	12	0	0.412
564306.585050572	5639034.18107663	12	0	0.402
565072.289480087	5638805.52120836	12	0	1.438
564223.500674272	5639540.19226171	12	0	1.145
563377.807710571	5640162.60036505	12	0	0.507
564055.36016838	5638678.95856975	12	0	0.52
564115.948024002	5638568.45031661	12	0	0.584
568305.278076431	5637123.6110995	12	0	0.501
568047.075501183	5636747.23043659	12	0	0.387
568194.332901467	5636493.6295931	12	0	1.11
567725.824658127	5636552.31896057	12	0	0.339
567295.943523917	5636444.56074726	12	0	0.859
567425.631844626	5636276.62202597	12	0	0.947
566707.418271435	5636688.82671129	12	0	0.612
566693.317425483	5637011.68561474	12	0	0.386
566477.220641269	5637148.66535614	12	0	0.552
566655.129082308	5637439.75620938	12	0	0.496
567145.105019645	5637442.99026756	12	0	0.519
567555.869143519	5637355.2530803	12	0	0.289
567782.616788739	5637310.97650988	12	0	0.626
566535.929137044	5638097.90250819	12	0	0.948
566914.650368633	5638341.55620989	12	0	0.425
566787.285724737	5638711.03322666	12	0	0.313
566567.280757768	5638760.85938726	12	0	0.613
567181.348788692	5638203.85828355	12	0	0.384
565758.297346975	5637841.68396273	12	0	0.631
566180.880986427	5638012.56038368	12	0	0.404
565200.161568199	5637690.17111946	12	0	0.741
565107.532295564	5637333.33128085	12	0	0.454
565002.622751544	5637861.51169169	12	0	0.633
564534.564689232	5637709.74103298	12	0	0.715
564547.977956837	5637500.73293582	12	0	0.585
564650.792525441	5637225.06582366	12	0	0.518
564193.839369817	5637277.90687	12	0	0.38
567454.432638911	5636980.37806542	12	0	0.852
567451.353820057	5636743.42559759	12	0	0.291
566108.053912409	5638804.00591818	12	0	0.848
563695.331457822	5639028.6191426	12	0	1.057
563551.253683023	5638653.12098217	12	0	1.247
564056.108113609	5636523.58783133	12	0	0.62
564534.51454567	5636620.14619152	12	0	1.344
564539.32674924	5636974.54381972	12	0	1.202
565175.729810838	5637007.46795401	12	0	0.403
565320.324711774	5636767.76298929	12	0	0.344
565492.673506549	5636291.19809418	12	0	1.339
563434.945870983	5636540.96898873	12	0	0.433
563005.005387374	5636712.53078091	12	0	0.312
562944.343101583	5636521.1688774	12	0	0.585
562722.289065909	5636771.12152859	12	0	0.692
563055.484086202	5637201.73389952	12	0	1.029
562296.284551185	5637528.19470882	12	0	0.842
562288.494127218	5637248.38313656	12	0	0.683
562669.956864725	5637085.65617809	12	0	0.476
561763.935642357	5638784.3544307	12	0	1.002
562530.231266106	5638399.79954602	12	0	1.703
563028.68783316	5638593.19558521	12	0	0.848
563030.184890443	5638182.8424785	12	0	0.662
563104.139243357	5637616.82546064	12	0	0.904
562702.455446098	5637727.56601574	12	0	1.195
562270.694670527	5637790.19509071	12	0	0.875
562698.311887215	5637272.51944602	12	0	0.505
561753.491866029	5637924.12547228	12	0	1.934
561266.871895086	5636464.80179141	12	0	2.433
562349.478798804	5636728.6637901	12	0	2.088
563482.346278936	5638090.55785118	12	0	0.821
563859.400893646	5638138.86130334	12	0	0.54
563890.77598127	5637541.73915289	12	0	1.004
563517.15327395	5637539.93891746	12	1	0.793
567207.114157947	5635591.17586777	12	0	2.652
567336.904229844	5634581.66173582	12	0	2.139
567808.341810665	5635005.6237999	12	0	1.489
568132.061001045	5635677.81265402	12	0	1.145
568360.232921228	5635009.23951936	12	0	0.673
568156.964167744	5634523.21112111	12	0	1.045
563193.544119216	5639560.14233518	12	0	0.492
563463.114631632	5639613.7078757	12	0	0.919
563680.573271916	5637028.39681736	12	0	1.363
565087.02091435	5636303.83446691	12	0	1.107
564172.418562172	5636215.77433168	12	0	0.881
563496.612390087	5636654.97499572	12	0	0.551
562833.704071002	5635949.21470446	12	0	1.448
563147.260956513	5636836.28483615	12	0	0.308
563299.116273009	5636369.22436617	12	0	0.272
568978.215094426	5656117.97677358	13	0	0.551
568698.128039927	5656039.22206111	13	0	0.417
573483.061173907	5658943.56678568	13	0	0.551
573679.458526876	5659342.91830679	13	0	1.018
574041.794428216	5659384.04576087	13	0	0.346
574119.289574288	5659090.35322961	13	0	0.366
573920.065548486	5658952.28026288	13	0	0.516
574323.741228852	5659086.75564724	13	0	0.455
573834.096752416	5659689.47551557	13	0	0.874
574274.665134165	5660200.06331822	13	0	1.122
573946.064081678	5660229.53361552	13	0	0.376
573810.324498992	5660199.63658357	13	0	0.276
573818.273848965	5660050.74369994	13	0	0.82
573382.162905643	5660222.7570446	13	0	0.836
573281.270496932	5659964.62499012	13	0	0.299
572909.881060607	5659866.60345201	13	0	0.748
573107.59209476	5659764.47659817	13	0	0.546
572831.745521358	5659394.34654308	13	0	0.562
573077.965703677	5659171.52306289	13	0	0.528
572402.132735566	5659653.28706105	13	0	0.614
572262.282294999	5659700.95927893	13	0	0.249
572370.720097049	5659815.46875037	13	0	0.437
572650.393481903	5660160.95167649	13	0	0.478
572721.587773016	5660229.4892558	13	0	0.753
572682.285457748	5660502.1543045	13	0	0.727
572963.39076128	5660686.71783787	13	0	0.6
573192.171984966	5660478.44281591	13	0	0.313
573491.982300641	5660609.21489124	13	0	0.6
573530.040297413	5660516.08809724	13	0	0.323
573448.261273109	5660960.12357386	13	0	0.524
572159.55370331	5660466.0664581	13	0	0.578
574337.304256444	5659682.99897119	13	0	1.446
573357.999676783	5659461.33098553	13	0	0.79
572082.744207063	5660696.99084247	13	0	0.269
573392.392814894	5661585.51274519	13	0	2.044
572587.280529926	5659749.24167896	13	0	0.624
575465.547594471	5660664.39005884	13	0	6.525
574952.709899447	5660969.20177791	13	0	0.699
573906.538731039	5660599.15986247	13	0	0.66
574272.587882914	5661050.72467632	13	0	1.382
573978.75740105	5661149.58518328	13	0	1.369
573936.078396315	5661529.3345718	13	0	1.149
574291.649016355	5661550.98514385	13	0	0.509
574374.49123887	5661836.75991118	13	0	0.336
574160.189245604	5661890.570749	13	0	1.305
573943.276516274	5661886.43643199	13	0	0.875
574056.865244896	5662149.12783674	13	0	0.79
573739.640411648	5662241.3631957	13	0	0.658
573466.990886789	5662358.79330509	13	0	0.627
573168.98063382	5662231.48562492	13	0	1.028
572081.314502141	5663966.1149289	13	0	3.497
574347.742202185	5662283.91424771	13	0	0.784
574791.666851081	5660284.61239879	13	0	1.156
574866.038709462	5660026.63333514	13	0	0.794
574686.435922368	5659565.04524663	13	0	1.108
574977.81671962	5659369.88776693	13	0	0.904
573006.479998469	5662513.31382855	13	0	0.761
573434.06289511	5662645.22236574	13	0	0.904
573868.442390727	5662638.6310748	13	0	0.7
574243.295821115	5662698.13431179	13	0	1.241
574317.644030871	5660600.32602542	13	0	0.834
574662.027631422	5660607.13538342	13	0	0.86
572154.111053847	5661698.81627805	13	0	0.306
572522.153427156	5661821.8857821	13	0	0.816
572238.349101627	5661225.11271544	13	0	1.079
572678.538366969	5661507.00468877	13	0	1.16
572867.285943944	5661273.71751154	13	0	1.291
572407.69710817	5660829.71135639	13	0	0.891
572953.440936217	5660984.96291398	13	0	1.745
556260.746979876	5661343.87692832	14	0	0.474
556418.397852797	5661700.42129409	14	0	0.57
557061.570751042	5661405.39010731	14	0	0.341
556854.626670498	5661193.33812161	14	0	0.466
556613.957993004	5661161.53360481	14	0	0.333
556608.825009046	5660949.22111174	14	0	0.406
557193.510517079	5660987.68654167	14	0	0.628
557329.522336389	5660596.09786119	14	0	0.328
557483.067335844	5660889.07333852	14	0	1.023
557758.357607864	5661154.59844521	14	0	0.366
557683.265979739	5661539.56832025	14	0	0.209
557890.711056035	5661231.64710371	14	0	0.552
557719.538387693	5661775.46975404	14	0	0.453
558260.845007032	5661707.04626606	14	0	0.284
557881.049932448	5662107.49614545	14	0	0.677
557912.463546407	5662128.26569682	14	0	0.275
558932.106204566	5662191.36179005	14	0	0.48
559327.452516078	5662307.97630657	14	0	0.784
559936.455030219	5661889.30202913	14	0	0.586
560183.263596062	5661186.68131332	14	0	0.37
558996.771814825	5661147.32924835	14	0	0.688
558704.140665377	5661345.21011246	14	0	0.483
558460.768112143	5660903.42497051	14	0	0.545
558769.028646795	5660566.94613619	14	0	0.365
558234.759649901	5660649.57687582	14	0	0.435
558283.048115277	5660248.32569531	14	0	0.424
557902.944778721	5660501.68324949	14	0	0.364
558062.561130535	5660027.61626701	14	0	0.484
558638.017409179	5660232.84178981	14	0	0.558
558954.430828311	5659928.57770088	14	0	0.618
559191.89596628	5660333.02956439	14	0	0.411
559467.405880506	5660059.34518686	14	0	0.384
559547.344309639	5659707.42805248	14	0	0.442
559291.827684221	5659664.70181598	14	0	0.462
559175.884971363	5659347.2801842	14	0	0.947
559818.227104191	5660006.92405507	14	0	0.6
559865.580187282	5659665.03891928	14	0	0.362
559642.923713848	5660670.75312713	14	0	0.681
560383.449787947	5662398.91486733	14	0	0.507
559232.520376638	5663097.22866664	14	0	0.406
559154.094234404	5663150.99363865	14	0	0.299
558976.532675467	5662854.29084817	14	0	0.387
557236.46148251	5662595.730739	14	0	0.511
556314.553128013	5662627.32391603	14	0	1.016
556771.336942905	5663355.90035653	14	0	0.534
556529.32522419	5663422.19047122	14	0	1.47
557186.008846817	5662008.50859232	14	0	0.916
561713.872942977	5664097.99360571	14	0	1.1
558777.19123665	5662064.20512685	14	0	1.101
559188.635590777	5661741.64565659	14	0	0.478
556891.98125996	5662557.46781904	14	0	1.449
557761.190829049	5662643.55648863	14	0	1.389
558398.349563405	5662390.51543485	14	0	1.343
557020.529000319	5661509.76997699	14	0	0.96
556752.215810662	5660881.28062849	14	0	0.972
559354.059353254	5659288.14602953	14	0	1.513
557678.618592486	5658550.9159553	14	0	1.124
556678.770730093	5660342.1919821	14	0	1.196
560089.631558665	5662505.35454675	14	0	1.27
559507.696184155	5662351.95114786	14	0	0.272
560213.72351386	5661682.74708683	14	0	0.691
559792.888796419	5661476.10297951	14	0	0.325
557241.145602215	5663251.97055042	14	0	0.503
557408.082873971	5663131.52180457	14	0	0.985
560795.708238183	5664327.32922794	14	0	0.491
558321.463589755	5662331.41929721	14	0	0.71
556596.135807513	5662105.75296097	14	0	0.528
555524.121980973	5663484.64466176	14	0	1.221
555621.909476608	5662039.2294696	14	0	1.113
555458.480730338	5662433.21679887	14	0	0.291
555643.079652958	5663068.42837203	14	0	1.162
555596.348169198	5663141.56936123	14	0	0.235
556182.90708924	5662923.1134509	14	0	0.826
561320.287399581	5666282.7125457	14	0	0.835
560594.746913532	5665847.50207941	14	0	4.742
560023.637361403	5663468.35043885	14	0	0.394
559693.558572445	5664081.7457766	14	0	0.289
558326.57735892	5664219.92739668	14	0	0.349
558054.539382998	5663538.35989821	14	0	1.41
557567.437283435	5663399.64274248	14	0	0.705
557015.078849123	5663887.47929959	14	0	0.711
556175.307776249	5664324.00040633	14	0	1.34
556514.544735386	5663966.13614551	14	0	0.514
556145.677079492	5663993.43687921	14	0	0.587
557566.424057173	5666638.03277976	14	0	4.22
554387.504528997	5663157.18266954	14	0	1.277
553982.285188728	5663098.09902712	14	0	0.414
553397.903263591	5663041.91962652	14	0	0.216
553464.395964608	5662348.78953535	14	0	1.373
552444.358237078	5663237.23049031	14	0	1.501
552658.944010633	5663717.49759186	14	0	2.487
552759.84866854	5663939.95455841	14	0	1.575
552850.65982486	5664556.05527004	14	0	3.097
559784.044144011	5663174.5218079	14	0	0.61
559712.560618985	5662815.28870588	14	0	0.402
560466.741785678	5663182.22020775	14	0	0.96
561115.938749468	5663372.59330283	14	0	1.086
560800.40731084	5662877.94135833	14	0	0.653
561127.910016404	5662818.48753086	14	0	0.536
560631.651484804	5662380.11668591	14	0	0.42
561818.549958749	5663738.30905706	14	0	1.129
561575.181191294	5663350.14963702	14	0	0.619
561535.175304108	5662770.78421165	14	0	0.69
562210.000106618	5660483.95068576	14	0	0.587
554006.830277219	5662050.63599704	14	0	0.883
554738.577958342	5661743.32758171	14	0	0.764
555380.201430213	5661302.87174962	14	0	0.574
559906.399555554	5661061.96588307	14	0	1.042
560427.779264468	5661969.31885821	14	0	0.639
559683.726587821	5664072.50414634	14	0	0.615
560252.387990981	5663839.29313248	14	0	0.723
560088.201537756	5663467.73466794	14	0	1.207
558945.298867386	5663807.99475505	14	0	0.605
559349.799091005	5663631.54438549	14	0	0.779
559088.623828675	5664675.67174146	14	0	0.995
558722.700299734	5664078.12154727	14	0	0.483
558618.129760028	5663484.83776963	14	0	0.681
557348.450579301	5664260.1911911	14	0	0.392
557330.767976265	5663967.20472668	14	0	0.652
557670.226068313	5664226.37921539	14	0	0.369
557643.591753099	5663715.04960976	14	0	0.782
554293.321799163	5666462.21479787	14	0	2.622
554061.082971713	5664644.17676365	14	0	0.685
553904.129233856	5664109.90170984	14	0	1.307
554494.177772656	5664399.16064898	14	0	0.848
553876.844689861	5663484.46124566	14	0	0.906
554432.818505913	5663670.59584015	14	0	1.22
554826.083646536	5664174.43082172	14	0	1.23
555178.710677968	5663978.69774306	14	0	0.524
561384.536749109	5666306.92401894	14	0	1.609
562586.293920354	5667778.77793328	14	0	1.141
554512.833310548	5662732.66714376	14	0	0.831
555004.482174408	5662891.38440536	14	0	0.557
554971.259337723	5662384.97673507	14	0	0.852
554694.115524455	5662159.1481175	14	0	0.789
556907.578586599	5664448.38589773	14	0	0.662
557146.450517199	5664450.09156164	14	0	0.55
557521.763467539	5664830.42670974	14	0	0.388
557999.180476826	5664404.54810084	14	0	0.906
560300.791200709	5664267.26071463	14	0	1.153
560784.072787227	5664871.51033336	14	0	1.453
557281.501822567	5669055.15813599	14	0	0.005
559630.407255213	5653486.89646708	15	0	0.533
560065.782619839	5653328.04836551	15	0	0.771
559607.108274966	5653084.23749998	15	0	0.469
559581.671878713	5652770.88904145	15	0	0.583
560008.311442227	5652753.33956208	15	0	0.537
559782.332275374	5652420.9633312	15	0	0.517
560014.49292955	5652352.30261304	15	0	0.409
559534.6246717	5652321.95428891	15	0	0.485
559281.907590592	5652367.5876377	15	0	0.586
558981.804469569	5652348.40235947	15	0	0.319
558966.252534131	5652694.39467152	15	0	0.614
558830.139799345	5652753.20791708	15	0	0.388
558977.671062506	5653058.44652063	15	0	0.436
558758.216392489	5653204.81739617	15	0	0.315
558976.817760439	5653335.69538245	15	0	0.539
558355.016272228	5652825.12120891	15	0	1.132
557970.924630216	5653047.25776169	15	0	0.779
557836.212895618	5653019.61404309	15	0	0.319
557629.554727753	5652849.84565925	15	0	0.414
557538.418608492	5653389.47954587	15	0	0.73
557909.621282075	5653895.21631845	15	0	0.765
557169.562102715	5653629.79839063	15	0	0.597
557077.168945828	5653981.18728161	15	0	0.423
557284.483356138	5654326.37552025	15	0	0.714
557037.989745531	5654562.36608575	15	0	0.342
557717.795678909	5654945.80727474	15	0	0.443
558010.017854756	5654469.22414353	15	0	1.578
559183.580429154	5654030.18463218	15	0	0.613
558312.168753668	5651112.02944834	15	0	0.672
557537.710644951	5652384.86418873	15	0	0.998
557326.032857826	5652213.53396961	15	0	0.768
557165.151645191	5650856.51091606	15	0	1.313
557298.381818258	5652772.54370893	15	0	0.394
558285.720949476	5652690.17009206	15	0	0.389
560411.72813865	5652430.26605996	15	0	0.422
560979.803229963	5652311.54380348	15	0	0.534
561424.948820286	5652353.06196773	15	0	0.662
560542.180126876	5653186.52223693	15	0	0.939
557147.213176736	5655230.46131415	15	0	0.672
557303.217146427	5654825.18928166	15	0	0.461
557056.681075788	5654771.77345288	15	0	0.609
557910.558816735	5653425.77961015	15	0	0.717
561075.59051102	5652756.3148331	15	0	1.308
556243.894362738	5649780.67866308	15	0	0.703
557063.034138088	5650137.25032319	15	0	0.444
557414.153392301	5649766.29498136	15	0	2.151
556565.117902263	5650895.3196749	15	0	0.77
556060.481968348	5651005.38342249	15	0	1.514
554455.28098693	5653679.31328941	15	0	5.563
555609.692508808	5653873.77771017	15	0	0.893
555747.228268972	5654239.04085677	15	0	0.861
555127.506246678	5654360.61684513	15	0	0.154
555759.999315055	5654939.66881374	15	0	0.928
556281.605412938	5654698.19805993	15	0	0.823
556573.214973872	5654874.80569632	15	0	0.722
556635.933390787	5655129.31415744	15	0	0.344
556538.869083813	5654287.38157891	15	0	0.804
556241.717069634	5653584.89103462	15	0	1.481
555895.989791609	5652847.51714007	15	0	1.419
556517.936723294	5652548.3864729	15	0	0.953
556541.622752484	5651686.13105036	15	0	1.4
557205.360050588	5651722.11713679	15	0	1.344
557442.353196488	5651021.60267296	15	0	0.505
557863.283933202	5650856.22416647	15	0	1.538
558019.835956926	5651315.84854335	15	0	0.266
557901.84370008	5651625.29017004	15	0	0.512
557732.884669585	5651683.52262655	15	0	1.32
558217.395030922	5651641.97598063	15	0	0.383
554259.728921439	5655835.14364381	15	0	0.835
554894.342146208	5655921.27693187	15	0	0.949
555017.113420059	5655527.22183036	15	0	0.612
555643.313090196	5655559.05803875	15	0	1.892
554779.22146628	5649795.1117206	15	0	0.623
555217.700382577	5649126.25709959	15	0	1.511
557254.936342505	5649117.23414548	15	0	0.605
554307.673361179	5649844.23680648	15	0	0.976
555587.219751403	5649654.3267868	15	0	1.288
556444.537307457	5650095.52693624	15	0	0.824
555570.532618163	5650910.33405946	15	0	0.6
556785.33449588	5649728.00079372	15	1	0.33
561418.330183924	5654409.9660348	16	0	0.625
561061.274550441	5654157.12317382	16	0	0.464
560689.782263916	5654460.42436288	16	0	0.606
560393.689278355	5654518.00396397	16	0	0.551
560290.761566384	5654909.75151127	16	0	0.462
559792.620387737	5654540.1310244	16	0	0.631
559889.717258266	5654022.38655038	16	0	0.95
557770.861685542	5655089.99988198	16	0	1.113
558423.749177573	5654998.0202105	16	0	0.474
558925.590979038	5655839.35473529	16	0	0.452
559049.830360343	5656082.14285536	16	0	0.447
558820.389728076	5656506.792521	16	0	0.495
558490.899574346	5656425.14920673	16	0	0.525
558682.194129096	5655670.16449291	16	0	0.391
557246.609542399	5656672.12909437	16	0	0.631
557454.192677308	5656919.08062629	16	0	0.429
557360.428621589	5657232.66697037	16	0	0.383
557703.540682961	5657140.46390089	16	0	0.527
557261.004082144	5657589.86889393	16	0	0.326
557005.962312952	5657373.16773451	16	0	0.371
556656.067249603	5657360.49179665	16	0	0.419
556399.412029209	5657105.06374063	16	0	0.484
556274.107979161	5657416.48204717	16	0	0.402
556427.945068671	5657640.05698773	16	0	0.4
556487.370934764	5657914.45550325	16	0	0.458
556061.888423596	5657904.95711056	16	0	0.585
555944.19750473	5658183.07989661	16	0	0.377
556268.550908119	5658263.40132413	16	0	0.637
555610.069283428	5658149.63118533	16	0	0.463
555426.737412106	5658047.75201447	16	0	0.547
555089.016009823	5658235.13313046	16	0	0.389
554879.628869129	5657847.32482189	16	0	0.031
554557.34770605	5658217.7661019	16	0	1.304
557964.896005888	5657090.52400956	16	0	0.423
555858.094799788	5657387.01433378	16	0	0.332
555853.052925626	5657639.87295783	16	0	0.359
561104.085387095	5653489.3862664	16	0	0.931
